AP: 0.3156952579287683
AP50: 0.3880667693045815
AP75: 0.3747866753409812
APsmall: 0.12288527869559657
APmedium: 0.38732363106624235
APlarge: 0.5029695781268394
AR1: 0.2835648148148148
AR10: 0.38506944444444446
AR100: 0.3872299382716049
ARsmall: 0.14583333333333334
ARmedium: 0.43945868945868943
ARlarge: 0.5537878787878788
average inference time: 457.872115
