AP: 0.3516552558109706
AP50: 0.43612187305687095
AP75: 0.4077436436860103
APsmall: 0.07881600660066007
APmedium: 0.3570920425375871
APlarge: 0.5501716517805627
AR1: 0.29045781893004113
AR10: 0.3523662551440329
AR100: 0.3523662551440329
ARsmall: 0.08069444444444444
ARmedium: 0.3603988603988603
ARlarge: 0.5520562770562771
