AP: 0.2143672927320702
AP50: 0.26151963830956304
AP75: 0.2605585118594748
APsmall: 0.049381188118811876
APmedium: 0.23247345471874375
APlarge: 0.37788203574261425
AR1: 0.19027777777777777
AR10: 0.252173353909465
AR100: 0.2542824074074074
ARsmall: 0.04916666666666667
ARmedium: 0.28219373219373217
ARlarge: 0.427056277056277
average inference time: 267.39347999999995
