AP: 0.40232239849410945
AP50: 0.4811698471451792
AP75: 0.46719121391021523
APsmall: 0.24087671281782022
APmedium: 0.4430248083460861
APlarge: 0.574503807500756
AR1: 0.37753343621399177
AR10: 0.5023533950617284
AR100: 0.5069315843621399
ARsmall: 0.29041666666666666
ARmedium: 0.5081196581196581
ARlarge: 0.6706709956709956
average inference time: 902.96618
